TITLE = "Equilibrium concentrations vs Temperature"
VARIABLES = "T", "N2", "O2", "NO", "N", "O"
ZONE T="Mass Fractions", I=194, F=POINT
5.00000000e+02 7.57191524e-01 2.42808475e-01 5.58466922e-10 0.00000000e+00 4.33820740e-159
6.00000000e+02 7.57191540e-01 2.42808439e-01 2.17467069e-08 0.00000000e+00 3.81953758e-108
7.00000000e+02 7.57191424e-01 2.42808279e-01 2.97575566e-07 1.23040690e-260 1.43669051e-72
8.00000000e+02 7.57190573e-01 2.42807309e-01 2.11804279e-06 1.96975557e-208 3.63931992e-46
9.00000000e+02 7.57187011e-01 2.42803238e-01 9.75055560e-06 2.13375800e-168 2.06731951e-26
1.00000000e+03 7.57176116e-01 2.42790797e-01 3.30864472e-05 3.45628417e-136 5.54749819e-12
1.10000000e+03 7.57149645e-01 2.42760561e-01 8.97934450e-05 4.58356825e-110 6.43202865e-10
1.20000000e+03 7.57095135e-01 2.42698300e-01 2.06558420e-04 2.72214034e-88 6.45801743e-09
1.30000000e+03 7.56996432e-01 2.42585528e-01 4.17994966e-04 5.35976683e-70 4.55720864e-08
1.40000000e+03 7.56834562e-01 2.42400458e-01 7.64736958e-04 2.58904769e-54 2.43678110e-07
1.50000000e+03 7.56589121e-01 2.42119308e-01 1.29052719e-03 3.07206696e-41 1.04331887e-06
1.60000000e+03 7.56239648e-01 2.41717437e-01 2.03918754e-03 6.62310645e-30 3.72811132e-06
1.70000000e+03 7.55766987e-01 2.41169730e-01 3.05180640e-03 2.59668961e-20 1.14758300e-05
1.80000000e+03 7.55154196e-01 2.40450069e-01 4.36454468e-03 1.59631720e-12 3.11901292e-05
1.90000000e+03 7.54387550e-01 2.39529328e-01 6.00680352e-03 8.38354849e-11 7.63183895e-05
2.00000000e+03 7.53457081e-01 2.38372176e-01 7.99999133e-03 3.82571665e-10 1.70751078e-04
2.10000000e+03 7.52356911e-01 2.36932663e-01 1.03566967e-02 1.51174804e-09 3.53727607e-04
2.20000000e+03 7.51085628e-01 2.35148969e-01 1.30799377e-02 5.27497833e-09 6.85460051e-04
2.30000000e+03 7.49646651e-01 2.32937999e-01 1.61623750e-02 1.65179795e-08 1.25295853e-03
2.40000000e+03 7.48048706e-01 2.30190658e-01 1.95852894e-02 4.70481604e-08 2.17529902e-03
2.50000000e+03 7.46306456e-01 2.26768894e-01 2.33172070e-02 1.23282046e-07 3.60731956e-03
2.60000000e+03 7.44441300e-01 2.22505768e-01 2.73121600e-02 3.00052816e-07 5.74047160e-03
2.70000000e+03 7.42482280e-01 2.17210022e-01 3.15077047e-02 6.83899731e-07 8.79930993e-03
2.80000000e+03 7.40466940e-01 2.10676635e-01 3.58229824e-02 1.47006759e-06 1.30319730e-02
2.90000000e+03 7.38441941e-01 2.02704677e-01 4.01573032e-02 2.99826323e-06 1.86930799e-02
3.00000000e+03 7.36463082e-01 1.93123138e-01 4.43899226e-02 5.83285726e-06 2.60180250e-02
3.10000000e+03 7.34594334e-01 1.81824101e-01 4.83818668e-02 1.08736043e-05 3.51888248e-02
3.20000000e+03 7.32905444e-01 1.68800478e-01 5.19807643e-02 1.95030502e-05 4.62938111e-02
3.30000000e+03 7.31467672e-01 1.54182428e-01 5.50295650e-02 3.37765763e-05 5.92865579e-02
3.40000000e+03 7.30347445e-01 1.38263258e-01 5.73796306e-02 5.66603828e-05 7.39530064e-02
3.50000000e+03 7.29598149e-01 1.21502847e-01 5.89076861e-02 9.23217957e-05 8.98989957e-02
3.60000000e+03 7.29251026e-01 1.04497927e-01 5.95345930e-02 1.46474270e-04 1.06569979e-01
3.70000000e+03 7.29307020e-01 8.79151607e-02 5.92419511e-02 2.26776057e-04 1.23309092e-01
3.80000000e+03 7.29732285e-01 7.23951235e-02 5.80807517e-02 3.43281050e-04 1.39448559e-01
3.90000000e+03 7.30459451e-01 5.84530757e-02 5.61676065e-02 5.08932385e-04 1.54410934e-01
4.00000000e+03 7.31395287e-01 4.64073526e-02 5.36672023e-02 7.40091418e-04 1.67790067e-01
4.10000000e+03 7.32432622e-01 3.63587316e-02 5.07655610e-02 1.05709121e-03 1.79385994e-01
4.20000000e+03 7.33462630e-01 2.82213728e-02 4.76425281e-02 1.48480251e-03 1.89188666e-01
4.30000000e+03 7.34383856e-01 2.17848448e-02 4.44512115e-02 2.05320469e-03 1.97326883e-01
4.40000000e+03 7.35106267e-01 1.67807561e-02 4.13081068e-02 2.79794247e-03 2.04006928e-01
4.50000000e+03 7.35550946e-01 1.29349129e-02 3.82926360e-02 3.76085271e-03 2.09460652e-01
4.60000000e+03 7.35647110e-01 9.99885989e-03 3.54525296e-02 4.99043379e-03 2.13911067e-01
4.70000000e+03 7.35328230e-01 7.76350719e-03 3.28112293e-02 6.54226512e-03 2.17554768e-01
4.80000000e+03 7.34528257e-01 6.06126000e-03 3.03754310e-02 8.47926948e-03 2.20555782e-01
4.90000000e+03 7.33178702e-01 4.76184339e-03 2.81409481e-02 1.08718871e-02 2.23046620e-01
5.00000000e+03 7.31206569e-01 3.76598498e-03 2.60971912e-02 1.37980548e-02 2.25132200e-01
5.10000000e+03 7.28533153e-01 2.99892296e-03 2.42302281e-02 1.73429797e-02 2.26894717e-01
5.20000000e+03 7.25073586e-01 2.40470323e-03 2.25247773e-02 2.15986626e-02 2.28398271e-01
5.30000000e+03 7.20737030e-01 1.94154461e-03 2.09654404e-02 2.66631292e-02 2.29692856e-01
5.40000000e+03 7.15427447e-01 1.57823577e-03 1.95374211e-02 3.26393243e-02 2.30817572e-01
5.50000000e+03 7.09044899e-01 1.29140706e-03 1.82269102e-02 3.96336303e-02 2.31803153e-01
5.60000000e+03 7.01487369e-01 1.06349661e-03 1.70212613e-02 4.77539697e-02 2.32673904e-01
5.70000000e+03 6.92653074e-01 8.81247441e-04 1.59090410e-02 5.71074603e-02 2.33449177e-01
5.80000000e+03 6.82443291e-01 7.34600970e-04 1.48800046e-02 6.77976083e-02 2.34144495e-01
5.90000000e+03 6.70765657e-01 6.15883601e-04 1.39250339e-02 7.99210340e-02 2.34772392e-01
6.00000000e+03 6.57537925e-01 5.19207961e-04 1.30360560e-02 9.35637507e-02 2.35343060e-01
6.10000000e+03 6.43534378e-01 4.43956510e-04 1.18023289e-02 1.08143217e-01 2.36076120e-01
6.20000000e+03 6.27129569e-01 3.78254790e-04 1.10374638e-02 1.24905074e-01 2.36549639e-01
6.30000000e+03 6.09043272e-01 3.23850928e-04 1.03198429e-02 1.43326365e-01 2.36986669e-01
6.40000000e+03 5.89276848e-01 2.78570173e-04 9.64477958e-03 1.63407917e-01 2.37391886e-01
6.50000000e+03 5.67863431e-01 2.40695690e-04 9.00823295e-03 1.85118481e-01 2.37769159e-01
6.60000000e+03 5.44871410e-01 2.08864077e-04 8.40673247e-03 2.08391291e-01 2.38121703e-01
6.70000000e+03 5.20408059e-01 1.81988687e-04 7.83737004e-03 2.33120427e-01 2.38452155e-01
6.80000000e+03 4.94620446e-01 1.59197166e-04 7.29770005e-03 2.59159965e-01 2.38762692e-01
6.90000000e+03 4.67695886e-01 1.39786520e-04 6.78571745e-03 2.86323525e-01 2.39055085e-01
7.00000000e+03 4.39860009e-01 1.23187358e-04 6.29980787e-03 3.14386231e-01 2.39330765e-01
7.10000000e+03 4.11373140e-01 1.08936752e-04 5.83871678e-03 3.43088343e-01 2.39590864e-01
7.20000000e+03 3.82522163e-01 9.66551925e-05 5.40144873e-03 3.72143442e-01 2.39836291e-01
7.30000000e+03 3.53614042e-01 8.60320359e-05 4.98729297e-03 4.01244896e-01 2.40067736e-01
7.40000000e+03 3.24963721e-01 7.68108840e-05 4.59572569e-03 4.30078007e-01 2.40285736e-01
7.50000000e+03 2.96882292e-01 6.87794665e-05 4.22636620e-03 4.58331857e-01 2.40490705e-01
7.60000000e+03 2.69664346e-01 6.17613578e-05 3.87892190e-03 4.85711995e-01 2.40682976e-01
7.70000000e+03 2.43575839e-01 5.56093760e-05 3.55313448e-03 5.11952583e-01 2.40862834e-01
7.80000000e+03 2.18843341e-01 5.02001954e-05 3.24872473e-03 5.36827184e-01 2.41030550e-01
7.90000000e+03 1.95646919e-01 4.54304315e-05 2.96536602e-03 5.60155881e-01 2.41186403e-01
8.00000000e+03 1.74113874e-01 4.12125211e-05 2.70261594e-03 5.81811582e-01 2.41330716e-01
8.10000000e+03 1.54318752e-01 3.74723826e-05 2.45991576e-03 6.01719999e-01 2.41463860e-01
8.20000000e+03 1.36286842e-01 3.41474934e-05 2.23660101e-03 6.19856155e-01 2.41586254e-01
8.30000000e+03 1.19997430e-01 3.11842623e-05 2.03186267e-03 6.36241142e-01 2.41698381e-01
8.40000000e+03 1.05392425e-01 2.85369762e-05 1.84478573e-03 6.50933477e-01 2.41800775e-01
8.50000000e+03 9.23845223e-02 2.61664472e-05 1.67436503e-03 6.64020935e-01 2.41894012e-01
8.60000000e+03 8.08657926e-02 2.40389797e-05 1.51953125e-03 6.75611943e-01 2.41978695e-01
8.70000000e+03 7.07156745e-02 2.21255164e-05 1.37917850e-03 6.85827579e-01 2.42055442e-01
8.80000000e+03 6.18078904e-02 2.04009287e-05 1.25219085e-03 6.94794643e-01 2.42124875e-01
8.90000000e+03 5.40160240e-02 1.88434268e-05 1.13746604e-03 7.02640064e-01 2.42187602e-01
9.00000000e+03 4.72177142e-02 1.74340661e-05 1.03393502e-03 7.09486704e-01 2.42244213e-01
9.10000000e+03 4.12975627e-02 1.61563351e-05 9.40577085e-04 7.15450436e-01 2.42295268e-01
9.20000000e+03 3.61490109e-02 1.49958396e-05 8.56432271e-04 7.20638268e-01 2.42341293e-01
9.30000000e+03 3.16749595e-02 1.39398741e-05 7.80600585e-04 7.25147718e-01 2.42382782e-01
9.40000000e+03 2.77885114e-02 1.29773913e-05 7.12257211e-04 7.29066070e-01 2.42420184e-01
9.50000000e+03 2.44124070e-02 1.20986377e-05 6.50644609e-04 7.32470936e-01 2.42453914e-01
9.60000000e+03 2.14785963e-02 1.12950160e-05 5.95073385e-04 7.35430688e-01 2.42484347e-01
9.70000000e+03 1.89275326e-02 1.05589333e-05 5.44919430e-04 7.38005164e-01 2.42511825e-01
9.80000000e+03 1.67073760e-02 9.88367016e-06 4.99620114e-04 7.40246467e-01 2.42536653e-01
9.90000000e+03 1.47731744e-02 9.26326916e-06 4.58669917e-04 7.42199785e-01 2.42559107e-01
1.00000000e+04 1.30860643e-02 8.69243849e-06 4.21615823e-04 7.43904192e-01 2.42579435e-01
1.01000000e+04 1.16125188e-02 8.16646924e-06 3.88052670e-04 7.45393406e-01 2.42597856e-01
1.02000000e+04 1.03236584e-02 7.68116382e-06 3.57618621e-04 7.46696473e-01 2.42614569e-01
1.03000000e+04 9.19462994e-03 7.23277398e-06 3.29990859e-04 7.47838398e-01 2.42629748e-01
1.04000000e+04 8.20405566e-03 6.81794723e-06 3.04881564e-04 7.48840694e-01 2.42643551e-01
1.05000000e+04 7.33354923e-03 6.43368032e-06 2.82034210e-04 7.49721866e-01 2.42656117e-01
1.06000000e+04 6.56729318e-03 6.07727837e-06 2.61220165e-04 7.50497838e-01 2.42667571e-01
1.07000000e+04 5.89167354e-03 5.74631948e-06 2.42235630e-04 7.51182320e-01 2.42678024e-01
1.08000000e+04 5.29496456e-03 5.43862380e-06 2.24898874e-04 7.51787122e-01 2.42687576e-01
1.09000000e+04 4.76705798e-03 5.15222647e-06 2.09047769e-04 7.52322428e-01 2.42696314e-01
1.10000000e+04 4.29923094e-03 4.88535381e-06 1.94537585e-04 7.52797029e-01 2.42704317e-01
1.11000000e+04 3.88394748e-03 4.63640247e-06 1.81239025e-04 7.53218520e-01 2.42711657e-01
1.12000000e+04 3.51468894e-03 4.40392108e-06 1.69036489e-04 7.53593475e-01 2.42718396e-01
1.13000000e+04 3.18580925e-03 4.18659406e-06 1.57826533e-04 7.53927588e-01 2.42724590e-01
1.14000000e+04 2.89241136e-03 3.98322735e-06 1.47516499e-04 7.54225799e-01 2.42730290e-01
1.15000000e+04 2.63024183e-03 3.79273575e-06 1.38023315e-04 7.54492400e-01 2.42735543e-01
1.16000000e+04 2.39560088e-03 3.61413178e-06 1.29272422e-04 7.54731126e-01 2.42740387e-01
1.17000000e+04 2.18526552e-03 3.44651578e-06 1.21196836e-04 7.54945231e-01 2.42744860e-01
1.18000000e+04 1.99642391e-03 3.28906704e-06 1.13736311e-04 7.55137555e-01 2.42748996e-01
1.19000000e+04 1.82661920e-03 3.14103607e-06 1.06836607e-04 7.55310581e-01 2.42752823e-01
1.20000000e+04 1.67370147e-03 3.00173757e-06 1.00448834e-04 7.55466480e-01 2.42756368e-01
1.21000000e+04 1.53578650e-03 2.87054422e-06 9.45288803e-05 7.55607159e-01 2.42759655e-01
1.22000000e+04 1.41122049e-03 2.74688117e-06 8.90368983e-05 7.55734288e-01 2.42762707e-01
1.23000000e+04 1.29854966e-03 2.63022106e-06 8.39368559e-05 7.55849340e-01 2.42765543e-01
1.24000000e+04 1.19649415e-03 2.52007957e-06 7.91961348e-05 7.55953609e-01 2.42768181e-01
1.25000000e+04 1.10392557e-03 2.41601146e-06 7.47851754e-05 7.56048236e-01 2.42770637e-01
1.26000000e+04 1.01984758e-03 2.31760698e-06 7.06771610e-05 7.56134232e-01 2.42772926e-01
1.27000000e+04 9.43379172e-04 2.22448869e-06 6.68477379e-05 7.56212488e-01 2.42775061e-01
1.28000000e+04 8.73740219e-04 2.13630855e-06 6.32747656e-05 7.56283795e-01 2.42777054e-01
1.29000000e+04 8.10238916e-04 2.05274533e-06 5.99380952e-05 7.56348854e-01 2.42778917e-01
1.30000000e+04 7.52260935e-04 1.97350224e-06 5.68193708e-05 7.56408288e-01 2.42780659e-01
1.31000000e+04 6.99259994e-04 1.89830488e-06 5.39018534e-05 7.56462650e-01 2.42782289e-01
1.32000000e+04 6.50749654e-04 1.82689925e-06 5.11702633e-05 7.56512436e-01 2.42783817e-01
1.33000000e+04 6.06296188e-04 1.75905007e-06 4.86106387e-05 7.56558084e-01 2.42785250e-01
1.34000000e+04 5.65512353e-04 1.69453919e-06 4.62102099e-05 7.56599989e-01 2.42786594e-01
1.35000000e+04 5.28051962e-04 1.63316418e-06 4.39572862e-05 7.56638501e-01 2.42787857e-01
1.36000000e+04 4.93605128e-04 1.57473703e-06 4.18411547e-05 7.56673935e-01 2.42789044e-01
1.37000000e+04 4.61894116e-04 1.51908301e-06 3.98519893e-05 7.56706575e-01 2.42790160e-01
1.38000000e+04 4.32669688e-04 1.46603955e-06 3.79807688e-05 7.56736673e-01 2.42791211e-01
1.39000000e+04 4.05707916e-04 1.41545531e-06 3.62192041e-05 7.56764457e-01 2.42792200e-01
1.40000000e+04 3.80807361e-04 1.36718930e-06 3.45596713e-05 7.56790132e-01 2.42793134e-01
1.41000000e+04 3.57786605e-04 1.32111004e-06 3.29951526e-05 7.56813883e-01 2.42794014e-01
1.42000000e+04 3.36482067e-04 1.27709486e-06 3.15191825e-05 7.56835877e-01 2.42794845e-01
1.43000000e+04 3.16746085e-04 1.23502920e-06 3.01257992e-05 7.56856263e-01 2.42795630e-01
1.44000000e+04 2.98445213e-04 1.19480603e-06 2.88095008e-05 7.56875179e-01 2.42796372e-01
1.45000000e+04 2.81458718e-04 1.15632523e-06 2.75652056e-05 7.56892746e-01 2.42797074e-01
1.46000000e+04 2.65677245e-04 1.11949311e-06 2.63882157e-05 7.56909077e-01 2.42797738e-01
1.47000000e+04 2.51001665e-04 1.08422202e-06 2.52741869e-05 7.56924272e-01 2.42798367e-01
1.48000000e+04 2.37341984e-04 1.05042974e-06 2.42190956e-05 7.56938425e-01 2.42798964e-01
1.49000000e+04 2.24616442e-04 1.01803919e-06 2.32192141e-05 7.56951617e-01 2.42799529e-01
1.50000000e+04 2.12750676e-04 9.86978076e-07 2.22710862e-05 7.56963925e-01 2.42800066e-01
1.51000000e+04 2.01676986e-04 9.57178506e-07 2.13715045e-05 7.56975419e-01 2.42800575e-01
1.52000000e+04 1.91333673e-04 9.28576707e-07 2.05174909e-05 7.56986161e-01 2.42801059e-01
1.53000000e+04 1.81664456e-04 9.01112727e-07 1.97062777e-05 7.56996209e-01 2.42801519e-01
1.54000000e+04 1.72617945e-04 8.74730180e-07 1.89352910e-05 7.57005615e-01 2.42801957e-01
1.55000000e+04 1.64147171e-04 8.49375996e-07 1.82021358e-05 7.57014428e-01 2.42802373e-01
1.56000000e+04 1.56209167e-04 8.25000201e-07 1.75045817e-05 7.57022692e-01 2.42802769e-01
1.57000000e+04 1.48764593e-04 8.01555708e-07 1.68405502e-05 7.57030446e-01 2.42803147e-01
1.58000000e+04 1.41777393e-04 7.78998125e-07 1.62081031e-05 7.57037729e-01 2.42803507e-01
1.59000000e+04 1.35214495e-04 7.57285577e-07 1.56054320e-05 7.57044573e-01 2.42803850e-01
1.60000000e+04 1.29045537e-04 7.36378543e-07 1.50308483e-05 7.57051010e-01 2.42804177e-01
1.61000000e+04 1.23242621e-04 7.16239703e-07 1.44827743e-05 7.57057069e-01 2.42804489e-01
1.62000000e+04 1.17780091e-04 6.96833798e-07 1.39597351e-05 7.57062776e-01 2.42804788e-01
1.63000000e+04 1.12634331e-04 6.78127497e-07 1.34603509e-05 7.57068155e-01 2.42805073e-01
1.64000000e+04 1.07783591e-04 6.60089275e-07 1.29833302e-05 7.57073228e-01 2.42805345e-01
1.65000000e+04 1.03207817e-04 6.42689303e-07 1.25274635e-05 7.57078017e-01 2.42805605e-01
1.66000000e+04 9.88885088e-05 6.25899341e-07 1.20916170e-05 7.57082539e-01 2.42805855e-01
1.67000000e+04 9.48085825e-05 6.09692639e-07 1.16747279e-05 7.57086814e-01 2.42806093e-01
1.68000000e+04 9.09522529e-05 5.94043850e-07 1.12757988e-05 7.57090857e-01 2.42806321e-01
1.69000000e+04 8.73049222e-05 5.78928941e-07 1.08938935e-05 7.57094682e-01 2.42806540e-01
1.70000000e+04 8.38530810e-05 5.64325116e-07 1.05281326e-05 7.57098305e-01 2.42806750e-01
1.71000000e+04 8.05842181e-05 5.50210744e-07 1.01776896e-05 7.57101737e-01 2.42806951e-01
1.72000000e+04 7.74867379e-05 5.36565286e-07 9.84178728e-06 7.57104991e-01 2.42807143e-01
1.73000000e+04 7.45498861e-05 5.23369237e-07 9.51969458e-06 7.57108079e-01 2.42807328e-01
1.74000000e+04 7.17636818e-05 5.10604060e-07 9.21072323e-06 7.57111009e-01 2.42807506e-01
1.75000000e+04 6.91188549e-05 4.98252133e-07 8.91422504e-06 7.57113792e-01 2.42807676e-01
1.76000000e+04 6.66067900e-05 4.86296699e-07 8.62958924e-06 7.57116437e-01 2.42807840e-01
1.77000000e+04 6.42194750e-05 4.74721813e-07 8.35624002e-06 7.57118952e-01 2.42807997e-01
1.78000000e+04 6.19494534e-05 4.63512297e-07 8.09363424e-06 7.57121345e-01 2.42808149e-01
1.79000000e+04 5.97897815e-05 4.52653700e-07 7.84125938e-06 7.57123622e-01 2.42808294e-01
1.80000000e+04 5.77339890e-05 4.42132255e-07 7.59863152e-06 7.57125791e-01 2.42808434e-01
1.81000000e+04 5.57760429e-05 4.31934843e-07 7.36529356e-06 7.57127858e-01 2.42808569e-01
1.82000000e+04 5.39103145e-05 4.22048954e-07 7.14081352e-06 7.57129829e-01 2.42808698e-01
1.83000000e+04 5.21315488e-05 4.12462662e-07 6.92478298e-06 7.57131708e-01 2.42808823e-01
1.84000000e+04 5.04348370e-05 4.03164583e-07 6.71681559e-06 7.57133502e-01 2.42808943e-01
1.85000000e+04 4.88155910e-05 3.94143857e-07 6.51654575e-06 7.57135215e-01 2.42809059e-01
1.86000000e+04 4.72695196e-05 3.85390110e-07 6.32362731e-06 7.57136851e-01 2.42809170e-01
1.87000000e+04 4.57926072e-05 3.76893438e-07 6.13773241e-06 7.57138415e-01 2.42809278e-01
1.88000000e+04 4.43810940e-05 3.68644373e-07 5.95855036e-06 7.57139910e-01 2.42809382e-01
1.89000000e+04 4.30314577e-05 3.60633871e-07 5.78578664e-06 7.57141340e-01 2.42809482e-01
1.90000000e+04 4.17403963e-05 3.52853279e-07 5.61916192e-06 7.57142709e-01 2.42809579e-01
1.91000000e+04 4.05048132e-05 3.45294325e-07 5.45841117e-06 7.57144020e-01 2.42809672e-01
1.92000000e+04 3.93218026e-05 3.37949091e-07 5.30328282e-06 7.57145275e-01 2.42809762e-01
1.93000000e+04 3.81886363e-05 3.30810001e-07 5.15353800e-06 7.57146478e-01 2.42809849e-01
1.94000000e+04 3.71027513e-05 3.23869800e-07 5.00894978e-06 7.57147631e-01 2.42809933e-01
1.95000000e+04 3.60617390e-05 3.17121540e-07 4.86930250e-06 7.57148738e-01 2.42810014e-01
1.96000000e+04 3.50633344e-05 3.10558564e-07 4.73439113e-06 7.57149799e-01 2.42810093e-01
1.97000000e+04 3.41054068e-05 3.04174493e-07 4.60402067e-06 7.57150818e-01 2.42810169e-01
1.98000000e+04 3.31859504e-05 2.97963211e-07 4.47800559e-06 7.57151796e-01 2.42810242e-01
ZONE T="Molar Fractions", I=194, F=POINT
5.00000000e+02 7.80794722e-01 2.19198690e-01 5.37597637e-10 0.00000000e+00 7.83255695e-159
6.00000000e+02 7.80794799e-01 2.19198675e-01 2.09340584e-08 0.00000000e+00 6.89610829e-108
7.00000000e+02 7.80794919e-01 2.19198597e-01 2.86455610e-07 2.53752334e-260 2.59392039e-72
8.00000000e+02 7.80794052e-01 2.19197725e-01 2.03889471e-06 4.06231532e-208 6.57073056e-46
9.00000000e+02 7.80790558e-01 2.19194100e-01 9.38619412e-06 4.40054590e-168 3.73251127e-26
1.00000000e+03 7.80779428e-01 2.19182898e-01 3.18500679e-05 7.12805256e-136 1.00159178e-11
1.10000000e+03 7.80752336e-01 2.19155660e-01 8.64380528e-05 9.45290445e-110 1.16129262e-09
1.20000000e+03 7.80696300e-01 2.19099501e-01 1.98839810e-04 5.61399695e-88 1.16598511e-08
1.30000000e+03 7.80594724e-01 2.18997752e-01 4.02375568e-04 1.10537000e-69 8.22797225e-08
1.40000000e+03 7.80427848e-01 2.18830688e-01 7.36160739e-04 5.33951545e-54 4.39957215e-07
1.50000000e+03 7.80174869e-01 2.18576907e-01 1.24230374e-03 6.33566984e-41 1.88369702e-06
1.60000000e+03 7.79813498e-01 2.18213831e-01 1.96298620e-03 1.36591299e-29 6.73104205e-06
1.70000000e+03 7.79322379e-01 2.17718341e-01 2.93775099e-03 5.35524402e-20 2.07193183e-05
1.80000000e+03 7.78677337e-01 2.17064994e-01 4.20135723e-03 3.29208533e-12 5.63120315e-05
1.90000000e+03 7.77855220e-01 2.16225018e-01 5.78197828e-03 1.72886919e-10 1.37782982e-04
2.00000000e+03 7.76829707e-01 2.15162141e-01 7.69990902e-03 7.88878470e-10 3.08242761e-04
2.10000000e+03 7.75567462e-01 2.13827516e-01 9.96656943e-03 3.11677230e-09 6.38449789e-04
2.20000000e+03 7.74025400e-01 2.12154295e-01 1.25834639e-02 1.08721751e-08 1.23683007e-03
2.30000000e+03 7.72147326e-01 2.10052036e-01 1.55409484e-02 3.40275345e-08 2.25965631e-03
2.40000000e+03 7.69861319e-01 2.07402175e-01 1.88166102e-02 9.68401083e-08 3.91979825e-03
2.50000000e+03 7.67078751e-01 2.04055932e-01 2.23731973e-02 2.53426825e-07 6.49186526e-03
2.60000000e+03 7.63695941e-01 1.99836256e-01 2.61562117e-02 6.15627095e-07 1.03109747e-02
2.70000000e+03 7.59599537e-01 1.94545615e-01 3.00915207e-02 1.39933284e-06 1.57619280e-02
2.80000000e+03 7.54676538e-01 1.87981251e-01 3.40836178e-02 2.99655652e-06 2.32555960e-02
2.90000000e+03 7.48829429e-01 1.79958890e-01 3.80154258e-02 6.08087818e-06 3.31901746e-02
3.00000000e+03 7.41995890e-01 1.70344383e-01 4.17506919e-02 1.17533552e-05 4.58972824e-02
3.10000000e+03 7.34171116e-01 1.59090467e-01 4.51399541e-02 2.17346795e-05 6.15767282e-02
3.20000000e+03 7.25428864e-01 1.46272790e-01 4.80306337e-02 3.86081879e-05 8.02291046e-02
3.30000000e+03 7.15935677e-01 1.32116402e-01 5.02809783e-02 6.61187279e-05 1.01600824e-01
3.40000000e+03 7.05952003e-01 1.17002579e-01 5.17764392e-02 1.09535567e-04 1.25159443e-01
3.50000000e+03 6.95815007e-01 1.01447071e-01 5.24458107e-02 1.76093898e-04 1.50116017e-01
3.60000000e+03 6.85901863e-01 8.60469733e-02 5.22736822e-02 2.75534681e-04 1.75501947e-01
3.70000000e+03 6.76578269e-01 7.14026637e-02 5.13057187e-02 4.20760388e-04 2.00292588e-01
3.80000000e+03 6.68142896e-01 5.80307384e-02 4.96440031e-02 6.28616274e-04 2.23553746e-01
3.90000000e+03 6.60783630e-01 4.62928074e-02 4.74327006e-02 9.20774420e-04 2.44570088e-01
4.00000000e+03 6.54558009e-01 3.63601583e-02 4.48367073e-02 1.32468112e-03 2.62920445e-01
4.10000000e+03 6.49402233e-01 2.82226514e-02 4.20188402e-02 1.87451343e-03 2.78481762e-01
4.20000000e+03 6.45161838e-01 2.17326059e-02 3.91213875e-02 2.61209741e-03 2.91372071e-01
4.30000000e+03 6.41630312e-01 1.66632308e-02 3.62555189e-02 3.58776505e-03 3.01863174e-01
4.40000000e+03 6.38583129e-01 1.27620908e-02 3.34989641e-02 4.86111720e-03 3.10294700e-01
4.50000000e+03 6.35800516e-01 9.78846551e-03 3.08995499e-02 6.50166276e-03 3.17009806e-01
4.60000000e+03 6.33078670e-01 7.53323680e-03 2.84815846e-02 8.58927370e-03 3.22317235e-01
4.70000000e+03 6.30232468e-01 5.82532932e-03 2.62525085e-02 1.12144420e-02 3.26475252e-01
4.80000000e+03 6.27093639e-01 4.53032950e-03 2.42089028e-02 1.44781250e-02 3.29689004e-01
4.90000000e+03 6.23507041e-01 3.54527247e-03 2.23408153e-02 1.84912577e-02 3.32115614e-01
5.00000000e+03 6.19327047e-01 2.79255371e-03 2.06349063e-02 2.33737193e-02 3.33871774e-01
5.10000000e+03 6.14414850e-01 2.21421956e-03 1.90764983e-02 2.92527093e-02 3.35041723e-01
5.20000000e+03 6.08637057e-01 1.76717998e-03 1.76508484e-02 3.62604478e-02 3.35684466e-01
5.30000000e+03 6.01865623e-01 1.41942701e-03 1.63438912e-02 4.45311402e-02 3.35839919e-01
5.40000000e+03 5.93979044e-01 1.14715050e-03 1.51426377e-02 5.41971789e-02 3.35533989e-01
5.50000000e+03 5.84864671e-01 9.32583644e-04 1.40353574e-02 6.53846044e-02 3.34782784e-01
5.60000000e+03 5.74421948e-01 7.62412955e-04 1.30116293e-02 7.82079038e-02 3.33596106e-01
5.70000000e+03 5.62566360e-01 6.26612206e-04 1.20623178e-02 9.27642922e-02 3.31980417e-01
5.80000000e+03 5.49233817e-01 5.17589177e-04 1.11795041e-02 1.09127717e-01 3.29941373e-01
5.90000000e+03 5.34385170e-01 4.29561359e-04 1.03563951e-02 1.27342880e-01 3.27485993e-01
6.00000000e+03 5.18010522e-01 3.58098173e-04 9.58722154e-03 1.47419656e-01 3.24624503e-01
6.10000000e+03 5.00971142e-01 3.02568961e-04 8.57704016e-03 1.68372142e-01 3.21777107e-01
6.20000000e+03 4.81758767e-01 2.54389847e-04 7.91535527e-03 1.91903292e-01 3.18168195e-01
6.30000000e+03 4.61202809e-01 2.14699942e-04 7.29534191e-03 2.17070034e-01 3.14217115e-01
6.40000000e+03 4.39434032e-01 1.81866167e-04 6.71421723e-03 2.43712273e-01 3.09957612e-01
6.50000000e+03 4.16618026e-01 1.54598564e-04 6.16967850e-03 2.71627620e-01 3.05430077e-01
6.60000000e+03 3.92951368e-01 1.31871676e-04 5.65979606e-03 3.00576030e-01 3.00680934e-01
6.70000000e+03 3.68657212e-01 1.12866771e-04 5.18295985e-03 3.30285148e-01 2.95761813e-01
6.80000000e+03 3.43977848e-01 9.69252055e-05 4.73776146e-03 3.60459369e-01 2.90728096e-01
6.90000000e+03 3.19167408e-01 8.35147662e-05 4.32294321e-03 3.90788716e-01 2.85637419e-01
7.00000000e+03 2.94483438e-01 7.22030467e-05 3.93733594e-03 4.20959105e-01 2.80547918e-01
7.10000000e+03 2.70178748e-01 6.26372470e-05 3.57982201e-03 4.50662281e-01 2.75516512e-01
7.20000000e+03 2.46491715e-01 5.45272886e-05 3.24926217e-03 4.79607637e-01 2.70596858e-01
7.30000000e+03 2.23640705e-01 4.76348212e-05 2.94452335e-03 5.07529006e-01 2.65838131e-01
7.40000000e+03 2.01816466e-01 4.17625944e-05 2.66443168e-03 5.34193929e-01 2.61283410e-01
7.50000000e+03 1.81177402e-01 3.67469692e-05 2.40777350e-03 5.59409420e-01 2.56968658e-01
7.60000000e+03 1.61846247e-01 3.24518102e-05 2.17329615e-03 5.83026008e-01 2.52921997e-01
7.70000000e+03 1.43908519e-01 2.87636044e-05 1.95971408e-03 6.04939623e-01 2.49163380e-01
7.80000000e+03 1.27412612e-01 2.55874778e-05 1.76571566e-03 6.25091477e-01 2.45704608e-01
7.90000000e+03 1.12372253e-01 2.28441985e-05 1.58998546e-03 6.43465061e-01 2.42549856e-01
8.00000000e+03 9.87688031e-02 2.04672070e-05 1.43119733e-03 6.60083338e-01 2.39696195e-01
8.10000000e+03 8.65564752e-02 1.84007343e-05 1.28804153e-03 6.75002374e-01 2.37134709e-01
8.20000000e+03 7.56682034e-02 1.65982121e-05 1.15924913e-03 6.88304179e-01 2.34851770e-01
8.30000000e+03 6.60199208e-02 1.50204006e-05 1.04358103e-03 7.00091488e-01 2.32829990e-01
8.40000000e+03 5.75168029e-02 1.36344079e-05 9.39853243e-04 7.10480144e-01 2.31049566e-01
8.50000000e+03 5.00581152e-02 1.24126075e-05 8.46943020e-04 7.19593188e-01 2.29489341e-01
8.60000000e+03 4.35415328e-02 1.13317735e-05 7.63795816e-04 7.27555587e-01 2.28127753e-01
8.70000000e+03 3.78666273e-02 1.03723543e-05 6.89430012e-04 7.34489984e-01 2.26943587e-01
8.80000000e+03 3.29374858e-02 9.51786305e-06 6.22939429e-04 7.40513501e-01 2.25916556e-01
8.90000000e+03 2.86645120e-02 8.75436825e-06 5.63493807e-04 7.45735545e-01 2.25027695e-01
9.00000000e+03 2.49655110e-02 8.07006771e-06 5.10337542e-04 7.50256484e-01 2.24259597e-01
9.10000000e+03 2.17661902e-02 7.45493465e-06 4.62787014e-04 7.54167039e-01 2.23596529e-01
9.20000000e+03 1.90002517e-02 6.90043884e-06 4.20227752e-04 7.57548167e-01 2.23024453e-01
9.30000000e+03 1.66089654e-02 6.39923933e-06 3.82106263e-04 7.60471588e-01 2.22530941e-01
9.40000000e+03 1.45409561e-02 5.94508500e-06 3.47931144e-04 7.63000042e-01 2.22105126e-01
9.50000000e+03 1.27514185e-02 5.53257560e-06 3.17263788e-04 7.65188246e-01 2.21737539e-01
9.60000000e+03 1.12015177e-02 5.15704368e-06 2.89714525e-04 7.67083631e-01 2.21419980e-01
9.70000000e+03 9.85772781e-03 4.81444083e-06 2.64937775e-04 7.68727143e-01 2.21145377e-01
9.80000000e+03 8.69119507e-03 4.50124325e-06 2.42627451e-04 7.70154026e-01 2.20907651e-01
9.90000000e+03 7.67714192e-03 4.21437343e-06 2.22512683e-04 7.71394544e-01 2.20701587e-01
1.00000000e+04 6.79432450e-03 3.95113482e-06 2.04353889e-04 7.72474650e-01 2.20522720e-01
1.01000000e+04 6.02454653e-03 3.70915729e-06 1.87939202e-04 7.73416573e-01 2.20367232e-01
1.02000000e+04 5.35222999e-03 3.48635139e-06 1.73081256e-04 7.74239344e-01 2.20231858e-01
1.03000000e+04 4.76403966e-03 3.28086981e-06 1.59614299e-04 7.74959257e-01 2.20113808e-01
1.04000000e+04 4.24855763e-03 3.09107498e-06 1.47391640e-04 7.75590264e-01 2.20010696e-01
1.05000000e+04 3.79600276e-03 2.91551161e-06 1.36283372e-04 7.76144317e-01 2.19920482e-01
1.06000000e+04 3.39798968e-03 2.75288310e-06 1.26174364e-04 7.76631663e-01 2.19841420e-01
1.07000000e+04 3.04732299e-03 2.60203162e-06 1.16962491e-04 7.77061097e-01 2.19772015e-01
1.08000000e+04 2.73782168e-03 2.46192098e-06 1.08557080e-04 7.77440174e-01 2.19710985e-01
1.09000000e+04 2.46416978e-03 2.33162191e-06 1.00877545e-04 7.77775392e-01 2.19657229e-01
1.10000000e+04 2.22178927e-03 2.21029937e-06 9.38521833e-05 7.78072348e-01 2.19609800e-01
1.11000000e+04 2.00673214e-03 2.09720158e-06 8.74171305e-05 7.78335868e-01 2.19567886e-01
1.12000000e+04 1.81558883e-03 1.99165047e-06 8.15154336e-05 7.78570121e-01 2.19530783e-01
1.13000000e+04 1.64541030e-03 1.89303343e-06 7.60962453e-05 7.78778714e-01 2.19497887e-01
1.14000000e+04 1.49364192e-03 1.80079601e-06 7.11141145e-05 7.78964770e-01 2.19468674e-01
1.15000000e+04 1.35806732e-03 1.71443567e-06 6.65283642e-05 7.79131000e-01 2.19442690e-01
1.16000000e+04 1.23676049e-03 1.63349614e-06 6.23025465e-05 7.79279760e-01 2.19419543e-01
1.17000000e+04 1.12804512e-03 1.55756263e-06 5.84039625e-05 7.79413101e-01 2.19398892e-01
1.18000000e+04 1.03045990e-03 1.48625746e-06 5.48032412e-05 7.79532811e-01 2.19380440e-01
1.19000000e+04 9.42728893e-04 1.41923630e-06 5.14739692e-05 7.79640450e-01 2.19363928e-01
1.20000000e+04 8.63736272e-04 1.35618479e-06 4.83923636e-05 7.79737384e-01 2.19349131e-01
1.21000000e+04 7.92504678e-04 1.29681558e-06 4.55369851e-05 7.79824809e-01 2.19335852e-01
1.22000000e+04 7.28176693e-04 1.24086565e-06 4.28884838e-05 7.79903775e-01 2.19323919e-01
1.23000000e+04 6.69998955e-04 1.18809400e-06 4.04293753e-05 7.79975203e-01 2.19313181e-01
1.24000000e+04 6.17308507e-04 1.13827952e-06 3.81438423e-05 7.80039905e-01 2.19303504e-01
1.25000000e+04 5.69521061e-04 1.09121914e-06 3.60175597e-05 7.80098597e-01 2.19294773e-01
1.26000000e+04 5.26120893e-04 1.04672611e-06 3.40375387e-05 7.80151910e-01 2.19286885e-01
1.27000000e+04 4.86652112e-04 1.00462856e-06 3.21919894e-05 7.80200402e-01 2.19279750e-01
1.28000000e+04 4.50711138e-04 9.64768090e-07 3.04701982e-05 7.80244567e-01 2.19273287e-01
1.29000000e+04 4.17940177e-04 9.26998611e-07 2.88624193e-05 7.80284845e-01 2.19267426e-01
1.30000000e+04 3.88021577e-04 8.91185230e-07 2.73597773e-05 7.80321623e-01 2.19262105e-01
1.31000000e+04 3.60672933e-04 8.57203276e-07 2.59541816e-05 7.80355248e-01 2.19257268e-01
1.32000000e+04 3.35642822e-04 8.24937419e-07 2.46382490e-05 7.80386028e-01 2.19252866e-01
1.33000000e+04 3.12707105e-04 7.94280867e-07 2.34052352e-05 7.80414237e-01 2.19248856e-01
1.34000000e+04 2.91665700e-04 7.65134644e-07 2.22489733e-05 7.80440122e-01 2.19245199e-01
1.35000000e+04 2.72339759e-04 7.37406941e-07 2.11638187e-05 7.80463900e-01 2.19241859e-01
1.36000000e+04 2.54569214e-04 7.11012519e-07 2.01446001e-05 7.80485769e-01 2.19238806e-01
1.37000000e+04 2.38210619e-04 6.85872174e-07 1.91865754e-05 7.80505903e-01 2.19236013e-01
1.38000000e+04 2.23135265e-04 6.61912247e-07 1.82853916e-05 7.80524462e-01 2.19233455e-01
1.39000000e+04 2.09227520e-04 6.39064180e-07 1.74370494e-05 7.80541587e-01 2.19231110e-01
1.40000000e+04 1.96383378e-04 6.17264116e-07 1.66378715e-05 7.80557404e-01 2.19228957e-01
1.41000000e+04 1.84509179e-04 5.96452524e-07 1.58844730e-05 7.80572030e-01 2.19226980e-01
1.42000000e+04 1.73520477e-04 5.76573868e-07 1.51737361e-05 7.80585568e-01 2.19225161e-01
1.43000000e+04 1.63341052e-04 5.57576300e-07 1.45027860e-05 7.80598111e-01 2.19223488e-01
1.44000000e+04 1.53902022e-04 5.39411377e-07 1.38689701e-05 7.80609744e-01 2.19221946e-01
1.45000000e+04 1.45141077e-04 5.22033806e-07 1.32698387e-05 7.80620543e-01 2.19220524e-01
1.46000000e+04 1.37001780e-04 5.05401196e-07 1.27031272e-05 7.80630578e-01 2.19219212e-01
1.47000000e+04 1.29432973e-04 4.89473897e-07 1.21667417e-05 7.80639911e-01 2.19218000e-01
1.48000000e+04 1.22388216e-04 4.74214723e-07 1.16587430e-05 7.80648599e-01 2.19216880e-01
1.49000000e+04 1.15825322e-04 4.59588822e-07 1.11773348e-05 7.80656695e-01 2.19215843e-01
1.50000000e+04 1.09705919e-04 4.45563497e-07 1.07208515e-05 7.80664244e-01 2.19214883e-01
1.51000000e+04 1.03995076e-04 4.32108055e-07 1.02877477e-05 7.80671292e-01 2.19213994e-01
1.52000000e+04 9.86609619e-05 4.19193664e-07 9.87658844e-06 7.80677875e-01 2.19213168e-01
1.53000000e+04 9.36745378e-05 4.06793221e-07 9.48604028e-06 7.80684030e-01 2.19212402e-01
1.54000000e+04 8.90092916e-05 3.94881241e-07 9.11486327e-06 7.80689790e-01 2.19211691e-01
1.55000000e+04 8.46409928e-05 3.83433735e-07 8.76190359e-06 7.80695184e-01 2.19211029e-01
1.56000000e+04 8.05474760e-05 3.72428118e-07 8.42608679e-06 7.80700240e-01 2.19210414e-01
1.57000000e+04 7.67084463e-05 3.61843111e-07 8.10641170e-06 7.80704983e-01 2.19209841e-01
1.58000000e+04 7.31053049e-05 3.51658653e-07 7.80194475e-06 7.80709434e-01 2.19209307e-01
1.59000000e+04 6.97209920e-05 3.41855823e-07 7.51181486e-06 7.80713616e-01 2.19208809e-01
1.60000000e+04 6.65398462e-05 3.32416763e-07 7.23520874e-06 7.80717548e-01 2.19208344e-01
1.61000000e+04 6.35474768e-05 3.23324611e-07 6.97136655e-06 7.80721247e-01 2.19207911e-01
1.62000000e+04 6.07306503e-05 3.14563438e-07 6.71957794e-06 7.80724730e-01 2.19207505e-01
1.63000000e+04 5.80771868e-05 3.06118185e-07 6.47917842e-06 7.80728011e-01 2.19207126e-01
1.64000000e+04 5.55758670e-05 2.97974612e-07 6.24954604e-06 7.80731105e-01 2.19206772e-01
1.65000000e+04 5.32163480e-05 2.90119242e-07 6.03009828e-06 7.80734023e-01 2.19206440e-01
1.66000000e+04 5.09890876e-05 2.82539320e-07 5.82028923e-06 7.80736779e-01 2.19206129e-01
1.67000000e+04 4.88852749e-05 2.75222762e-07 5.61960704e-06 7.80739382e-01 2.19205838e-01
1.68000000e+04 4.68967687e-05 2.68158119e-07 5.42757145e-06 7.80741843e-01 2.19205564e-01
1.69000000e+04 4.50160401e-05 2.61334537e-07 5.24373164e-06 7.80744171e-01 2.19205308e-01
1.70000000e+04 4.32361218e-05 2.54741719e-07 5.06766415e-06 7.80746375e-01 2.19205067e-01
1.71000000e+04 4.15505613e-05 2.48369895e-07 4.89897102e-06 7.80748462e-01 2.19204840e-01
1.72000000e+04 3.99533786e-05 2.42209790e-07 4.73727807e-06 7.80750440e-01 2.19204628e-01
1.73000000e+04 3.84390273e-05 2.36252594e-07 4.58223324e-06 7.80752315e-01 2.19204427e-01
1.74000000e+04 3.70023601e-05 2.30489935e-07 4.43350516e-06 7.80754095e-01 2.19204239e-01
1.75000000e+04 3.56385964e-05 2.24913857e-07 4.29078173e-06 7.80755784e-01 2.19204061e-01
1.76000000e+04 3.43432932e-05 2.19516790e-07 4.15376888e-06 7.80757390e-01 2.19203894e-01
1.77000000e+04 3.31123184e-05 2.14291534e-07 4.02218939e-06 7.80758915e-01 2.19203736e-01
1.78000000e+04 3.19418269e-05 2.09231237e-07 3.89578175e-06 7.80760366e-01 2.19203587e-01
1.79000000e+04 3.08282378e-05 2.04329371e-07 3.77429921e-06 7.80761746e-01 2.19203447e-01
1.80000000e+04 2.97682145e-05 1.99579720e-07 3.65750878e-06 7.80763061e-01 2.19203314e-01
1.81000000e+04 2.87586458e-05 1.94976360e-07 3.54519040e-06 7.80764313e-01 2.19203189e-01
1.82000000e+04 2.77966290e-05 1.90513643e-07 3.43713610e-06 7.80765506e-01 2.19203070e-01
1.83000000e+04 2.68794543e-05 1.86186183e-07 3.33314924e-06 7.80766643e-01 2.19202958e-01
1.84000000e+04 2.60045904e-05 1.81988840e-07 3.23304383e-06 7.80767729e-01 2.19202852e-01
1.85000000e+04 2.51696711e-05 1.77916710e-07 3.13664385e-06 7.80768765e-01 2.19202751e-01
1.86000000e+04 2.43724837e-05 1.73965110e-07 3.04378266e-06 7.80769754e-01 2.19202656e-01
1.87000000e+04 2.36109575e-05 1.70129566e-07 2.95430242e-06 7.80770699e-01 2.19202566e-01
1.88000000e+04 2.28831537e-05 1.66405805e-07 2.86805358e-06 7.80771602e-01 2.19202480e-01
1.89000000e+04 2.21872559e-05 1.62789742e-07 2.78489432e-06 7.80772466e-01 2.19202399e-01
1.90000000e+04 2.15215614e-05 1.59277472e-07 2.70469020e-06 7.80773292e-01 2.19202322e-01
1.91000000e+04 2.08844735e-05 1.55865259e-07 2.62731361e-06 7.80774083e-01 2.19202249e-01
1.92000000e+04 2.02744937e-05 1.52549529e-07 2.55264346e-06 7.80774841e-01 2.19202179e-01
1.93000000e+04 1.96902152e-05 1.49326859e-07 2.48056474e-06 7.80775567e-01 2.19202113e-01
1.94000000e+04 1.91303164e-05 1.46193976e-07 2.41096822e-06 7.80776262e-01 2.19202051e-01
1.95000000e+04 1.85935553e-05 1.43147743e-07 2.34375008e-06 7.80776929e-01 2.19201991e-01
1.96000000e+04 1.80787640e-05 1.40185153e-07 2.27881163e-06 7.80777568e-01 2.19201934e-01
1.97000000e+04 1.75848436e-05 1.37303326e-07 2.21605898e-06 7.80778182e-01 2.19201880e-01
1.98000000e+04 1.71107601e-05 1.34499503e-07 2.15540282e-06 7.80778771e-01 2.19201828e-01
